1116111 666616· 111111
neit, 11816.; 111166 666 611161111111ζ 6166111166 S. 66111661 66611616 6661-

cum 16116, 66611 111166 666661, 6166161, 686616 661616 666166 4116616
1116. 666. - 1161116 66166666 6661661161646166.

isti, vd. 1111116- 4116611611 1616611666 6666166616616616116 6116- ’

11616111 1161 61111111 1666611616 666· 111, 9661116.; 616 16111616 1661616 666·

unt, 4126116, 6116666611661111611
ι· 666 16 16116 616., 416 616., 61
is Filiiqne unitatem 66 1616616116
66111666 6611616616611166661, 486

6116616, 66216. ·- 611. 1166666.
,n 4-8- 11666 6666, 466111. 412 616.
1 s. 1. 196611.1116.1.11161.66.;
entia verissime 61161666 666 661, 606
,ς 666 1616116111 divinitus, 16216.
6Π61611ἓ664ῃ1161111ῗ11ῃ61.16111111)τὲἕέ
us 1161 16166, 46 61116 6666111166,

616111 1666111, 6481.166.; 616616616166, .

686 md. ittmt.; 6166111116 1166166 6616
66666116 impertivit, 146 616., 616616-
6616 616116611, 668 1. 616. 611. 61111
166. (16. etiam 11616666661; 41166-
166 616616 66666 6616611, 6261. 6161
611666 1611161616 1166 6616 66 6616166
6166 4666166 6116666 6666111611, 6966611.
6961666 6111161616 61666616 6116611661· ,
666 1666166 6666 6661116166 661-
6616 Christi 6611661 11616116 6666 1661-
mantus pastionem 1111111611 6661616666
161666 contendit, 966 616. 922 616. -
16. 6111616161 464 166. 6961. 616. 662166.

166611. 412 616. 4166.1.; 66616 161· 16661, 64166. 111661. 126 616.; 16661 ’

m, 46 extr. 6621. 616. 494 616. 164

’6666166616 6161161 Christus, 6111611666

., 16666 unigenitum, 3666111, 666, 66111166 661, 116166.
ago, 46 6611. 3621. 616., 661 6661611- 16661116, 664 616.
, 3621. 1666 16666 Christus 61 1166 16111111. 1161111116, 21666. neptim

11661166 unus, 96216. 664 6111.; 16

611. 161611661116.

6116666 6666 6661, 892 616.; spiri· 16116 1611616 61 111166 6116666666 616

6 S. 6666, 1166116, 161661166161111,
66 66616 661, 61 1161, 661 11616 6666
st, 61661166 616666616166116116,11146.
3 6666 666 66666 661 6166161, 1166.
; una 1166611116, 61216.; 161616111-

61116161, 666164. 6112161 titius 616661
16166616, 666 6661 1116111111, 1111661
1666 61661, 1611 61 11666111, 6111166611
16.; 11666 6616 1611 1111666 6111 16616
6661, 6646111.

166 66661 sunt, 626146666661616. 16616 6666616166,16166661661; 661-

11. 16. 16, (16.1 16161 61 1111661166
66166111 6661, 6616 1616116161661666
666 111166, 61 111166 111166 6616661666
16161, 661 1616 eorum 1161616 661, 466
1116.; 11161 61 1111116 666 6661, 6666666
11666 6166616 6111611616, 6166111.; 6111
61 unum 6161 sicui 61 666 6161661, itit
s.i. sqq.; 66616 11611 16 1166 6161111616
666 sensu 66 6616161666 6166161, 614
1. 616. ·- 166111661161116 66616 6666 6166
dicunt, 6666166. 68616. 92416. 966
166.·, 111661 titium 66616 iaciunt 6616
61661616,112166., 61 1611616 et 1111661
116 unum 6161166666 16 611616 116 6666

616661, quemadmodum 666 66666616 '

1116 6116161666, 496616. 666. -· 611.
1161166.

16 6 6166 cupio-Arianos 6616116166, 622
’1161116 qno 66666 1166 attribui possit,
⁴ 6466.1.66.; 661616 coniunctio 611111 Verbi
divinitate 6161616 16616 661, 6666.1.;
166161666111661 661611 6 1166 66166-

31113 61161616 Virginis 1661661611,
16 .

1616166 66616-4116666 66666166, 622
m ,

161661111161, 1461666 etium 1611661

666 errantibus 161116 66616666, 66661.
6111.; 16616 samosateno 66111 16616
66616666, 2621611.

16111616. - 16111661 hominum quid 61

66616 611 61 66616666 66 mentem 66
11111661 616661161, 161116.166.; 1166111166
1616616 666111 6111661116166616 66 61611
patiendo producunt, 3616.; 6666616116
verbi 1166116661 6616 161116 1161, 6116-
66216. ·— ’1161116 (6111616116) 6611616166 .
6111616 611166 6611616, 44616, 16166
1166611 16 Scriptura 11161161 66 6116-
666116 6166666116, 6666 661 6166116111
66 661661 161616 Verbum 11666 661611,
666 616. - 1616166616666666
6 161116 1166116661 61661616166661666
ei 66661661, 666-36216.; 666-11616-
66161,«611116111 6111661, 611 166 rationo

611661166,364166. 611. 666611 16 - ’

6611616166 16611666 attendendum, 666666
66 6111611616 verti 16666161, 666666 66
6666611616, 762161 scriptun 6661166
66 161111 6116 secundum 6616616 16661·
161, cantum 6611166611, 6166161 quim
116616 1661661 661, 66611661616 66 61166
6111611616 sermo 661, omnia 6161611616-
61166 616661111, 6966111. tii-3 8611616-
166 16111616 ineffabiliter 61 16116 iteum
6666 et ipsum 61116616 temporibus 61

66*

 

